# oST version 5.0 parameters


[image]

width
640

height
480

[narrow_stereo]

camera matrix
631.748188 0.000000 295.462262
0.000000 628.892345 223.839272
0.000000 0.000000 1.000000

distortion
-0.343380 0.186565 0.000853 0.000480 0.000000

rectification
1.000000 0.000000 0.000000
0.000000 1.000000 0.000000
0.000000 0.000000 1.000000

projection
574.309692 0.000000 290.908538 0.000000
0.000000 595.185364 221.950215 0.000000
0.000000 0.000000 1.000000 0.000000

