camera_matrix:  631.748188 0.000000 295.462262 0.000000 628.892345 223.839272 0.000000 0.000000 1.000000
distortion:  -0.343380 0.186565 0.000853 0.000480 0.000000
